=== LOGISTIC REGRESSION: PER-CLASS PERFORMANCE ===

C      | Solver     || GOOD (0)     | MINOR (1)    | MODERATE (2) | SEVERE (3)  
                   || P     R     | P     R     | P     R     | P     R    
--------------------------------------------------------------------------------------------------------------
0.01   | lbfgs      || 0.59  0.65  | 0.36  0.23  | 0.27  0.32  | 0.52  0.59
0.01   | liblinear  || 0.59  0.64  | 0.37  0.22  | 0.26  0.31  | 0.50  0.63
0.1    | lbfgs      || 0.62  0.64  | 0.38  0.26  | 0.27  0.35  | 0.51  0.57
0.1    | liblinear  || 0.60  0.61  | 0.36  0.24  | 0.24  0.31  | 0.49  0.63
1      | lbfgs      || 0.61  0.63  | 0.36  0.26  | 0.27  0.37  | 0.50  0.56
1      | liblinear  || 0.60  0.58  | 0.35  0.25  | 0.21  0.28  | 0.49  0.62
10     | lbfgs      || 0.61  0.63  | 0.36  0.26  | 0.26  0.35  | 0.50  0.55
10     | liblinear  || 0.60  0.58  | 0.35  0.25  | 0.21  0.28  | 0.48  0.61
100    | lbfgs      || 0.61  0.63  | 0.36  0.26  | 0.26  0.35  | 0.50  0.55
100    | liblinear  || 0.60  0.58  | 0.34  0.24  | 0.21  0.28  | 0.48  0.61
--------------------------------------------------------------------------------------------------------------
Best Model Selected based on SEVERE RECALL: 0.63