=== XGBOOST: PER-CLASS PERFORMANCE ===

N_Est  | Depth  | LR     || GOOD (0)     | MINOR (1)    | MODERATE (2) | SEVERE (3)  
                       || P     R     | P     R     | P     R     | P     R    
--------------------------------------------------------------------------------------------------------------
100    | 3      | 0.05   || 0.86  0.47  | 0.48  0.61  | 0.29  0.56  | 0.59  0.53
200    | 3      | 0.05   || 0.81  0.49  | 0.49  0.56  | 0.30  0.56  | 0.57  0.56
300    | 3      | 0.05   || 0.79  0.50  | 0.49  0.53  | 0.29  0.55  | 0.54  0.57
100    | 6      | 0.05   || 0.77  0.51  | 0.47  0.49  | 0.27  0.50  | 0.55  0.58
200    | 6      | 0.05   || 0.74  0.52  | 0.45  0.47  | 0.29  0.49  | 0.52  0.57
300    | 6      | 0.05   || 0.72  0.53  | 0.45  0.47  | 0.29  0.44  | 0.50  0.57
100    | 9      | 0.05   || 0.72  0.55  | 0.44  0.47  | 0.28  0.41  | 0.51  0.57
200    | 9      | 0.05   || 0.69  0.55  | 0.43  0.46  | 0.27  0.35  | 0.51  0.59
300    | 9      | 0.05   || 0.66  0.56  | 0.41  0.44  | 0.28  0.32  | 0.50  0.58
100    | 3      | 0.1    || 0.82  0.48  | 0.49  0.57  | 0.30  0.57  | 0.57  0.56
200    | 3      | 0.1    || 0.78  0.50  | 0.48  0.52  | 0.30  0.54  | 0.52  0.57
300    | 3      | 0.1    || 0.77  0.51  | 0.48  0.50  | 0.29  0.50  | 0.50  0.57
100    | 6      | 0.1    || 0.74  0.52  | 0.45  0.47  | 0.27  0.46  | 0.51  0.57
200    | 6      | 0.1    || 0.71  0.54  | 0.43  0.45  | 0.29  0.40  | 0.49  0.57
300    | 6      | 0.1    || 0.68  0.55  | 0.44  0.46  | 0.29  0.37  | 0.49  0.56
100    | 9      | 0.1    || 0.69  0.56  | 0.43  0.44  | 0.27  0.34  | 0.50  0.59
200    | 9      | 0.1    || 0.65  0.58  | 0.42  0.43  | 0.29  0.31  | 0.48  0.55
300    | 9      | 0.1    || 0.62  0.58  | 0.41  0.44  | 0.30  0.27  | 0.48  0.53
--------------------------------------------------------------------------------------------------------------
Best SEVERE RECALL found: 0.59